[gd_scene load_steps=6 format=3 uid="uid://b6dya0dbxdg1f"]

[ext_resource type="Script" path="res://environment/scenes/environment.gd" id="1_ckv0v"]
[ext_resource type="Environment" uid="uid://dcpushjde5bcn" path="res://environment/assets/environment.tres" id="1_wpukq"]
[ext_resource type="ArrayMesh" uid="uid://b5kt7pwlnmp00" path="res://apps/world/assets/meshes/foliage/rock_01.obj" id="3_tntc2"]
[ext_resource type="Script" path="res://utils/nodes/iso_camera.gd" id="4_avapw"]

[sub_resource type="CameraAttributesPractical" id="CameraAttributesPractical_je1r0"]
dof_blur_far_distance = 25.0
dof_blur_far_transition = 15.0

[node name="Environment" type="Node3D"]
script = ExtResource("1_ckv0v")

[node name="WorldEnvironment" type="WorldEnvironment" parent="."]
environment = ExtResource("1_wpukq")
camera_attributes = SubResource("CameraAttributesPractical_je1r0")

[node name="MainLight" type="DirectionalLight3D" parent="."]
unique_name_in_owner = true
transform = Transform3D(-1, 8.74228e-08, 0, -7.6194e-09, -0.0871558, 0.996195, 8.70901e-08, 0.996195, 0.0871558, 0, 0, 0)
light_color = Color(0.988235, 0.988235, 0.988235, 1)
shadow_enabled = true
shadow_bias = 0.15
shadow_normal_bias = 2.0
shadow_reverse_cull_face = true
directional_shadow_mode = 0

[node name="SoftLight" type="DirectionalLight3D" parent="."]
unique_name_in_owner = true
transform = Transform3D(-0.766044, -0.55667, -0.321394, 2.98023e-08, -0.5, 0.866026, -0.642788, 0.663414, 0.383022, 0, 0, 0)
shadow_enabled = true
shadow_bias = 0.15
shadow_normal_bias = 2.0
shadow_reverse_cull_face = true
directional_shadow_mode = 0

[node name="TestMesh" type="MeshInstance3D" parent="."]
visible = false
mesh = ExtResource("3_tntc2")

[node name="Marker3D" type="Marker3D" parent="."]
script = ExtResource("4_avapw")

[node name="Camera3D" type="Camera3D" parent="Marker3D"]
transform = Transform3D(0.766045, -0.413176, 0.492403, 0, 0.766044, 0.642788, -0.642787, -0.492404, 0.586824, 10, 13, 12)
projection = 1
current = true
size = 12.0
